0 0.307124 0.5875 0.300851 0.59375 0.296147 0.59375 0.293011 0.596875 0.293011 0.614062 0.294579 0.615625 0.294579 0.617187 0.297715 0.620312 0.297715 0.621875 0.299283 0.623437 0.299283 0.628125 0.300851 0.629687 0.314964 0.629687 0.316532 0.628125 0.316532 0.626562 0.3181 0.625 0.319668 0.625 0.321237 0.623437 0.327509 0.623437 0.332213 0.61875 0.333781 0.61875 0.335349 0.617187 0.340054 0.617187 0.347894 0.609375 0.347894 0.595312 0.340054 0.5875 0.896894
0 0.445116 0.81875 0.443548 0.820312 0.443548 0.842187 0.445116 0.84375 0.445116 0.845312 0.448253 0.848437 0.448253 0.85 0.449821 0.851562 0.449821 0.859375 0.451389 0.860937 0.46707 0.860937 0.468638 0.8625 0.470206 0.8625 0.473342 0.859375 0.473342 0.84375 0.471774 0.842187 0.471774 0.840625 0.468638 0.8375 0.468638 0.834375 0.46707 0.832812 0.46707 0.828125 0.460797 0.821875 0.460797 0.820312 0.459229 0.81875 0.871783
0 0.468638 0.50625 0.46707 0.507812 0.465502 0.507812 0.462366 0.510938 0.460797 0.510938 0.459229 0.5125 0.451389 0.5125 0.445116 0.51875 0.438844 0.51875 0.437276 0.520312 0.437276 0.545313 0.440412 0.548437 0.449821 0.548437 0.451389 0.546875 0.452957 0.546875 0.457661 0.542188 0.465502 0.542188 0.471774 0.535937 0.476478 0.535937 0.482751 0.529688 0.490591 0.529688 0.492159 0.528125 0.492159 0.526563 0.495296 0.523438 0.496864 0.523438 0.498432 0.521875 0.498432 0.507812 0.496864 0.50625 0.867715
0 0.915547 0.85625 0.913978 0.857812 0.913978 0.871875 0.920251 0.878125 0.920251 0.879687 0.924955 0.884375 0.929659 0.884375 0.931228 0.882812 0.931228 0.867187 0.932796 0.865625 0.932796 0.8625 0.931228 0.860937 0.931228 0.857812 0.929659 0.85625 0.859482
0 0.946908 0.85625 0.94534 0.857812 0.94534 0.884375 0.946908 0.885937 0.953181 0.885937 0.959453 0.879687 0.961021 0.879687 0.968862 0.871875 0.968862 0.864062 0.961021 0.85625 0.774239
0 0.00604839 0.95 0.00448029 0.951563 0.00448029 0.978125 0.00604839 0.979688 0.00604839 0.98125 0.00918459 0.984375 0.0107527 0.984375 0.0123208 0.985937 0.0138889 0.985937 0.015457 0.9875 0.0170251 0.9875 0.0264337 0.996875 0.0264337 0.998438 0.0515233 0.998438 0.0515233 0.995313 0.0389785 0.982813 0.0389785 0.976562 0.0342742 0.971875 0.0342742 0.970312 0.0327061 0.96875 0.031138 0.96875 0.0280018 0.965625 0.0280018 0.964063 0.0264337 0.9625 0.0248656 0.9625 0.0201613 0.957812 0.0185932 0.957812 0.0170251 0.95625 0.0138889 0.95625 0.00761649 0.95 0.743209
0 0.987679 0.85 0.986111 0.851562 0.984543 0.851562 0.984543 0.853125 0.982975 0.854687 0.982975 0.892187 0.984543 0.89375 0.984543 0.895312 0.989247 0.9 0.989247 0.903125 0.993951 0.907812 0.993951 0.909375 0.99552 0.910937 0.99552 0.9125 0.997088 0.914062 0.997088 0.915625 1 0.915625 1 0.85 0.704345
0 0.416891 0.901562 0.415323 0.903125 0.40905 0.903125 0.407482 0.904687 0.407482 0.909375 0.405914 0.910937 0.405914 0.932813 0.407482 0.934375 0.407482 0.942187 0.40905 0.94375 0.40905 0.945312 0.410618 0.946875 0.412186 0.946875 0.413754 0.948438 0.426299 0.948438 0.427867 0.946875 0.429435 0.946875 0.429435 0.945312 0.431004 0.94375 0.432572 0.94375 0.43414 0.942187 0.435708 0.942187 0.438844 0.939062 0.438844 0.935938 0.440412 0.934375 0.440412 0.932813 0.438844 0.93125 0.438844 0.926562 0.437276 0.925 0.437276 0.923437 0.435708 0.921875 0.435708 0.91875 0.432572 0.915625 0.432572 0.9125 0.43414 0.910937 0.43414 0.903125 0.432572 0.901562 0.302404
0 0.445116 0.89375 0.443548 0.895312 0.443548 0.901562 0.445116 0.903125 0.446685 0.903125 0.448253 0.904687 0.451389 0.904687 0.457661 0.898437 0.459229 0.898437 0.460797 0.896875 0.460797 0.895312 0.459229 0.89375 0.235623
0 0.402778 0.90625 0.399642 0.909375 0.399642 0.915625 0.40121 0.917188 0.40121 0.951563 0.402778 0.953125 0.404346 0.953125 0.405914 0.951563 0.407482 0.951563 0.40905 0.95 0.418459 0.95 0.420027 0.948438 0.427867 0.948438 0.43414 0.942187 0.435708 0.942187 0.438844 0.939062 0.438844 0.935938 0.440412 0.934375 0.440412 0.929688 0.438844 0.928125 0.438844 0.925 0.437276 0.923437 0.437276 0.921875 0.435708 0.920313 0.435708 0.91875 0.43414 0.917188 0.43414 0.915625 0.432572 0.914062 0.432572 0.910937 0.43414 0.909375 0.431004 0.909375 0.429435 0.907812 0.407482 0.907812 0.405914 0.90625 0.188463
