0 0.213038 0.175 0.21147 0.176562 0.21147 0.196875 0.213038 0.198437 0.239695 0.198437 0.241263 0.196875 0.241263 0.195312 0.242832 0.19375 0.242832 0.192187 0.247536 0.1875 0.249104 0.1875 0.250672 0.185937 0.258513 0.185937 0.260081 0.184375 0.260081 0.176562 0.258513 0.175 0.86794
0 0.53293 0.7625 0.531362 0.764062 0.531362 0.784375 0.53293 0.785937 0.53293 0.7875 0.536066 0.7875 0.537634 0.785937 0.540771 0.785937 0.542339 0.784375 0.542339 0.764062 0.540771 0.7625 0.857359
0 0.55802 0.73125 0.556452 0.732812 0.556452 0.740625 0.55802 0.742187 0.562724 0.742187 0.564292 0.74375 0.56586 0.74375 0.570565 0.748437 0.597222 0.748437 0.59879 0.746875 0.59879 0.739062 0.59095 0.73125 0.834894
0 0.55802 0.75625 0.556452 0.757812 0.556452 0.778125 0.55802 0.779687 0.56586 0.779687 0.567428 0.778125 0.567428 0.757812 0.56586 0.75625 0.819212
0 0.783826 0.44375 0.782258 0.445312 0.782258 0.465625 0.783826 0.467187 0.810484 0.467187 0.812052 0.465625 0.823029 0.465625 0.824597 0.464063 0.826165 0.464063 0.827733 0.4625 0.829301 0.4625 0.829301 0.460938 0.830869 0.459375 0.830869 0.445312 0.829301 0.44375 0.817281
0 0.507841 0.48125 0.506272 0.482812 0.506272 0.490625 0.507841 0.492188 0.509409 0.492188 0.512545 0.495313 0.512545 0.496875 0.514113 0.498437 0.515681 0.498437 0.520385 0.503125 0.521953 0.503125 0.521953 0.501562 0.523521 0.5 0.523521 0.498437 0.52509 0.496875 0.52509 0.490625 0.523521 0.489062 0.523521 0.482812 0.521953 0.48125 0.813285
0 0.721102 0.39375 0.719534 0.395312 0.719534 0.434375 0.721102 0.435937 0.728943 0.435937 0.730511 0.434375 0.730511 0.432812 0.739919 0.423437 0.741487 0.423437 0.743056 0.421875 0.743056 0.40625 0.741487 0.404687 0.741487 0.403125 0.739919 0.401562 0.738351 0.401562 0.736783 0.4 0.735215 0.4 0.728943 0.39375 0.803419
0 0.539203 0.48125 0.537634 0.482812 0.537634 0.509375 0.539203 0.510938 0.547043 0.510938 0.548611 0.509375 0.548611 0.507812 0.550179 0.50625 0.550179 0.49375 0.548611 0.492188 0.548611 0.482812 0.547043 0.48125 0.800277
0 0.457661 0.49375 0.456093 0.495313 0.456093 0.503125 0.457661 0.504687 0.463934 0.504687 0.470206 0.498437 0.471774 0.498437 0.473342 0.496875 0.470206 0.49375 0.791632
0 0.19422 0.125 0.192652 0.126563 0.192652 0.159375 0.19422 0.160937 0.202061 0.160937 0.203629 0.159375 0.203629 0.126563 0.202061 0.125 0.724291
0 0.777554 0.175 0.775986 0.176562 0.775986 0.184375 0.777554 0.185937 0.797939 0.185937 0.799507 0.184375 0.799507 0.176562 0.797939 0.175 0.651629
0 0.445116 0.54375 0.437276 0.551562 0.437276 0.564062 0.438844 0.565625 0.445116 0.565625 0.446685 0.564062 0.448253 0.564062 0.449821 0.5625 0.452957 0.5625 0.454525 0.560938 0.463934 0.560938 0.465502 0.559375 0.465502 0.553125 0.462366 0.55 0.462366 0.548437 0.460797 0.546875 0.460797 0.545313 0.459229 0.54375 0.621788
0 0.514113 0.51875 0.512545 0.520312 0.512545 0.521875 0.514113 0.523438 0.518817 0.523438 0.520385 0.521875 0.521953 0.521875 0.521953 0.520312 0.520385 0.520312 0.518817 0.51875 0.308405
0 0.238127 0.2125 0.236559 0.214062 0.236559 0.246875 0.238127 0.248437 0.245968 0.248437 0.247536 0.246875 0.247536 0.214062 0.245968 0.2125 0.175213
0 0.727375 0.49375 0.725806 0.495313 0.725806 0.525 0.727375 0.526563 0.727375 0.528125 0.730511 0.528125 0.733647 0.525 0.735215 0.525 0.736783 0.523438 0.736783 0.521875 0.741487 0.517187 0.743056 0.517187 0.74776 0.5125 0.74776 0.495313 0.746192 0.495313 0.744624 0.49375 0.137502
