0 0.313396 0.4375 0.311828 0.439062 0.311828 0.482812 0.313396 0.484375 0.314964 0.484375 0.322805 0.476562 0.322805 0.442187 0.321237 0.440625 0.321237 0.439062 0.319668 0.4375 0.834423
0 0.313396 0.7375 0.311828 0.739062 0.311828 0.767187 0.313396 0.76875 0.313396 0.775 0.311828 0.776562 0.311828 0.795312 0.314964 0.798437 0.340054 0.798437 0.341622 0.796875 0.341622 0.739062 0.340054 0.7375 0.834013
0 0.420027 0.1625 0.418459 0.164062 0.418459 0.201562 0.421595 0.204687 0.446685 0.204687 0.448253 0.203125 0.449821 0.203125 0.452957 0.2 0.452957 0.198437 0.454525 0.196875 0.454525 0.164062 0.452957 0.1625 0.768559
0 0.093862 0.975 0.0922939 0.976562 0.0922939 0.978125 0.0891577 0.98125 0.0875896 0.98125 0.0860215 0.982813 0.0860215 0.984375 0.0828853 0.9875 0.0813172 0.9875 0.0797491 0.989062 0.0797491 0.998438 0.104839 0.998438 0.104839 0.992188 0.106407 0.990625 0.106407 0.978125 0.103271 0.975 0.746123
0 0.213038 0.50625 0.21147 0.507812 0.21147 0.515625 0.213038 0.517187 0.296147 0.517187 0.297715 0.515625 0.297715 0.507812 0.296147 0.50625 0.732112
0 0.426299 0.48125 0.424731 0.482812 0.424731 0.509375 0.427867 0.5125 0.431004 0.5125 0.432572 0.510938 0.43414 0.5125 0.437276 0.5125 0.440412 0.515625 0.438844 0.517187 0.438844 0.51875 0.437276 0.520312 0.438844 0.521875 0.44198 0.521875 0.443548 0.523438 0.452957 0.523438 0.454525 0.521875 0.456093 0.521875 0.457661 0.520312 0.457661 0.514063 0.459229 0.5125 0.459229 0.507812 0.460797 0.50625 0.460797 0.503125 0.462366 0.501562 0.460797 0.5 0.460797 0.492188 0.459229 0.490625 0.459229 0.484375 0.457661 0.482812 0.456093 0.482812 0.454525 0.48125 0.602876
0 0.426299 0.48125 0.424731 0.482812 0.424731 0.509375 0.426299 0.510938 0.426299 0.5125 0.429435 0.5125 0.431004 0.514063 0.43414 0.514063 0.435708 0.515625 0.435708 0.525 0.437276 0.526563 0.437276 0.534375 0.438844 0.535937 0.448253 0.535937 0.452957 0.53125 0.452957 0.529688 0.454525 0.528125 0.454525 0.525 0.459229 0.520312 0.460797 0.520312 0.463934 0.517187 0.463934 0.510938 0.462366 0.509375 0.462366 0.496875 0.460797 0.495313 0.460797 0.490625 0.459229 0.489062 0.459229 0.484375 0.457661 0.482812 0.456093 0.482812 0.454525 0.48125 0.449414
0 0.21931 0.81875 0.217742 0.820312 0.217742 0.828125 0.21931 0.829687 0.308692 0.829687 0.31026 0.828125 0.31026 0.820312 0.308692 0.81875 0.28517 0.81875 0.283602 0.820312 0.282034 0.820312 0.280466 0.81875 0.39637
0 0.19422 0.79375 0.192652 0.795312 0.192652 0.809375 0.195789 0.8125 0.198925 0.8125 0.200493 0.814062 0.203629 0.810937 0.203629 0.809375 0.205197 0.807812 0.205197 0.803125 0.206765 0.801562 0.205197 0.8 0.205197 0.795312 0.203629 0.795312 0.202061 0.79375 0.26706
0 0.21931 0.81875 0.217742 0.820312 0.217742 0.828125 0.21931 0.829687 0.335349 0.829687 0.336918 0.83125 0.34319 0.83125 0.344758 0.832812 0.344758 0.83125 0.346326 0.829687 0.346326 0.823437 0.347894 0.821875 0.344758 0.81875 0.193564
0 0.0562276 0.99375 0.0546595 0.995313 0.0546595 0.998438 0.0656362 0.998438 0.0656362 0.995313 0.0640681 0.99375 0.173987
