0 0.382392 0.56875 0.380824 0.570312 0.379256 0.570312 0.379256 0.571875 0.377688 0.573438 0.374552 0.573438 0.372984 0.575 0.369848 0.575 0.36828 0.576563 0.36828 0.584375 0.369848 0.585938 0.380824 0.585938 0.382392 0.5875 0.383961 0.5875 0.388665 0.592188 0.393369 0.592188 0.394937 0.590625 0.396505 0.590625 0.40121 0.585938 0.402778 0.585938 0.404346 0.584375 0.404346 0.570312 0.402778 0.56875 0.878489
0 0.0436828 0.48125 0.0421147 0.482812 0.0421147 0.509375 0.0436828 0.510938 0.0452509 0.510938 0.0483871 0.514063 0.0483871 0.521875 0.0499552 0.523438 0.0530914 0.523438 0.0546595 0.525 0.0593638 0.525 0.0609319 0.523438 0.0672043 0.523438 0.0687724 0.521875 0.0703405 0.521875 0.0703405 0.520312 0.0719086 0.51875 0.0719086 0.507812 0.0703405 0.50625 0.0703405 0.504687 0.0672043 0.501562 0.0672043 0.5 0.0656362 0.498437 0.0656362 0.495313 0.0640681 0.49375 0.0640681 0.492188 0.0625 0.492188 0.0609319 0.490625 0.0609319 0.4875 0.0593638 0.485938 0.0593638 0.482812 0.0577957 0.48125 0.874153
0 0.106407 0.6125 0.104839 0.614062 0.104839 0.615625 0.101703 0.61875 0.100134 0.61875 0.0985663 0.620312 0.0985663 0.634375 0.100134 0.635937 0.107975 0.635937 0.109543 0.634375 0.109543 0.632812 0.112679 0.629687 0.12052 0.629687 0.122088 0.628125 0.122088 0.626562 0.125224 0.623437 0.126792 0.623437 0.129928 0.620312 0.12836 0.61875 0.12836 0.614062 0.126792 0.6125 0.850042
0 0.489023 0.50625 0.487455 0.507812 0.487455 0.509375 0.484319 0.5125 0.482751 0.5125 0.481183 0.514063 0.481183 0.521875 0.482751 0.523438 0.490591 0.523438 0.492159 0.521875 0.492159 0.520312 0.495296 0.517187 0.503136 0.517187 0.504704 0.515625 0.504704 0.514063 0.507841 0.510938 0.509409 0.510938 0.510977 0.509375 0.510977 0.507812 0.509409 0.50625 0.849222
0 0.0123208 0.76875 0.0107527 0.770312 0.0107527 0.771875 0.00761649 0.775 0.00604839 0.775 0.00448029 0.776562 0.00448029 0.796875 0.00604839 0.798437 0.0138889 0.798437 0.015457 0.796875 0.015457 0.795312 0.0185932 0.792187 0.0201613 0.792187 0.0201613 0.790625 0.0217294 0.789062 0.0217294 0.782812 0.0248656 0.779687 0.0264337 0.779687 0.0280018 0.778125 0.0280018 0.770312 0.0264337 0.76875 0.844804
0 0.40905 0.5125 0.405914 0.515625 0.405914 0.534375 0.407482 0.535937 0.415323 0.535937 0.416891 0.534375 0.416891 0.532812 0.420027 0.529688 0.421595 0.529688 0.427867 0.523438 0.427867 0.520312 0.423163 0.515625 0.423163 0.514063 0.421595 0.5125 0.840821
0 0.0609319 0.56875 0.0593638 0.570312 0.0577957 0.570312 0.0546595 0.573438 0.0530914 0.573438 0.0515233 0.575 0.0499552 0.575 0.0483871 0.576563 0.0483871 0.584375 0.0499552 0.585938 0.0703405 0.585938 0.0719086 0.584375 0.0719086 0.582812 0.0750448 0.579687 0.0766129 0.579687 0.078181 0.578125 0.078181 0.576563 0.0797491 0.575 0.0797491 0.573438 0.0813172 0.571875 0.078181 0.56875 0.838535
0 0.526658 0.49375 0.52509 0.495313 0.52509 0.520312 0.528226 0.523438 0.529794 0.521875 0.531362 0.521875 0.53293 0.520312 0.534498 0.520312 0.539203 0.515625 0.539203 0.514063 0.540771 0.5125 0.540771 0.510938 0.542339 0.509375 0.542339 0.495313 0.540771 0.49375 0.837767
0 0.00604839 0.73125 0.00448029 0.732812 0.00448029 0.751562 0.00604839 0.753125 0.00918459 0.753125 0.0123208 0.75 0.015457 0.75 0.0170251 0.748437 0.0201613 0.748437 0.0248656 0.74375 0.0264337 0.74375 0.0264337 0.742187 0.0280018 0.740625 0.0280018 0.732812 0.0264337 0.73125 0.816995
0 0.131496 0.5875 0.129928 0.589063 0.129928 0.603125 0.131496 0.604688 0.139337 0.604688 0.140905 0.603125 0.140905 0.589063 0.139337 0.5875 0.812172
0 0.463934 0.5125 0.462366 0.514063 0.462366 0.521875 0.463934 0.523438 0.465502 0.523438 0.46707 0.521875 0.468638 0.521875 0.468638 0.520312 0.473342 0.515625 0.470206 0.5125 0.809475
0 0.68974 0.18125 0.688172 0.182812 0.688172 0.201562 0.691308 0.204687 0.699149 0.204687 0.700717 0.203125 0.703853 0.203125 0.708557 0.198437 0.710125 0.198437 0.710125 0.196875 0.711694 0.195312 0.711694 0.182812 0.710125 0.18125 0.790073
0 0.545475 0.46875 0.543907 0.470313 0.543907 0.484375 0.545475 0.485938 0.556452 0.485938 0.55802 0.484375 0.559588 0.484375 0.559588 0.476562 0.554884 0.471875 0.554884 0.470313 0.553315 0.46875 0.78534
0 0.677195 0.15625 0.675627 0.157812 0.675627 0.171875 0.677195 0.173437 0.685036 0.173437 0.686604 0.171875 0.686604 0.157812 0.685036 0.15625 0.78078
0 0.0185932 0.51875 0.0170251 0.520312 0.0170251 0.534375 0.0185932 0.535937 0.0185932 0.5375 0.0217294 0.540625 0.0232975 0.540625 0.0248656 0.542188 0.0389785 0.542188 0.0405466 0.540625 0.0405466 0.526563 0.0389785 0.525 0.0389785 0.523438 0.0358423 0.520312 0.0342742 0.520312 0.0327061 0.51875 0.779242
0 0.37612 0.3125 0.374552 0.314062 0.374552 0.328125 0.37612 0.329687 0.37612 0.33125 0.379256 0.334375 0.379256 0.3375 0.380824 0.339062 0.380824 0.340625 0.382392 0.342187 0.390233 0.342187 0.391801 0.340625 0.393369 0.340625 0.394937 0.339062 0.394937 0.3375 0.396505 0.335937 0.396505 0.33125 0.398073 0.329687 0.398073 0.326562 0.399642 0.325 0.399642 0.323437 0.40121 0.321875 0.40121 0.31875 0.399642 0.317187 0.399642 0.315625 0.396505 0.3125 0.776244
0 0.426299 0.5375 0.420027 0.54375 0.413754 0.54375 0.412186 0.545313 0.412186 0.559375 0.413754 0.560938 0.415323 0.560938 0.416891 0.559375 0.416891 0.557813 0.420027 0.554688 0.421595 0.554688 0.423163 0.553125 0.423163 0.551562 0.426299 0.548437 0.429435 0.548437 0.431004 0.546875 0.432572 0.546875 0.43414 0.545313 0.43414 0.54375 0.435708 0.542188 0.435708 0.539062 0.43414 0.5375 0.773809
0 0.169131 0.98125 0.162858 0.9875 0.156586 0.9875 0.155018 0.989062 0.155018 0.998438 0.195789 0.998438 0.195789 0.995313 0.197357 0.99375 0.198925 0.99375 0.200493 0.992188 0.202061 0.992188 0.203629 0.990625 0.203629 0.982813 0.202061 0.98125 0.765461
0 0.00604839 0.48125 0.00448029 0.482812 0.00448029 0.490625 0.00604839 0.492188 0.00761649 0.492188 0.00918459 0.490625 0.0107527 0.490625 0.0107527 0.489062 0.015457 0.484375 0.0123208 0.48125 0.751853
0 0.432572 0.24375 0.431004 0.245312 0.431004 0.254687 0.432572 0.25625 0.432572 0.257812 0.43414 0.259375 0.437276 0.259375 0.438844 0.260938 0.44198 0.257812 0.44198 0.25625 0.443548 0.254687 0.443548 0.248437 0.44198 0.246875 0.44198 0.245312 0.440412 0.24375 0.690976
0 0.093862 0.575 0.0922939 0.576563 0.0922939 0.584375 0.093862 0.585938 0.101703 0.585938 0.103271 0.584375 0.103271 0.582812 0.104839 0.58125 0.104839 0.579687 0.106407 0.578125 0.106407 0.576563 0.104839 0.576563 0.103271 0.575 0.664349
0 0.00604839 0.5125 0.00448029 0.514063 0.00448029 0.515625 0.00604839 0.517187 0.00761649 0.517187 0.00918459 0.515625 0.00918459 0.514063 0.00761649 0.5125 0.623432
0 0.40121 0.2625 0.399642 0.264062 0.399642 0.276563 0.40121 0.278125 0.402778 0.278125 0.407482 0.273438 0.415323 0.273438 0.416891 0.271875 0.416891 0.264062 0.415323 0.2625 0.515267
0 0.125224 0.99375 0.123656 0.995313 0.123656 0.998438 0.134633 0.998438 0.134633 0.996875 0.131496 0.99375 0.35371
0 0.746192 0.2 0.744624 0.201562 0.744624 0.203125 0.746192 0.204687 0.771281 0.204687 0.772849 0.203125 0.772849 0.201562 0.771281 0.2 0.201835
0 0.407482 0.3375 0.405914 0.339062 0.405914 0.351562 0.40905 0.354687 0.410618 0.353125 0.413754 0.353125 0.418459 0.348437 0.420027 0.348437 0.421595 0.346875 0.421595 0.340625 0.420027 0.339062 0.418459 0.339062 0.416891 0.3375 0.172787
0 0.451389 0.26875 0.449821 0.270312 0.449821 0.279687 0.451389 0.28125 0.451389 0.282813 0.452957 0.284375 0.452957 0.285937 0.457661 0.290625 0.459229 0.290625 0.465502 0.284375 0.46707 0.284375 0.46707 0.282813 0.471774 0.278125 0.471774 0.276563 0.470206 0.275 0.468638 0.275 0.46707 0.273438 0.465502 0.273438 0.462366 0.270312 0.460797 0.270312 0.459229 0.26875 0.166562
0 0.0436828 0.48125 0.0421147 0.482812 0.0421147 0.484375 0.0405466 0.485938 0.0405466 0.489062 0.0389785 0.490625 0.0389785 0.49375 0.0374104 0.495313 0.0374104 0.496875 0.0389785 0.498437 0.0389785 0.5 0.0405466 0.501562 0.0405466 0.504687 0.0421147 0.50625 0.0421147 0.507812 0.0483871 0.514063 0.0483871 0.521875 0.0499552 0.523438 0.0546595 0.523438 0.0562276 0.525 0.0577957 0.525 0.0593638 0.523438 0.0672043 0.523438 0.0687724 0.521875 0.0703405 0.521875 0.0703405 0.520312 0.0719086 0.51875 0.0719086 0.507812 0.0703405 0.50625 0.0703405 0.504687 0.0672043 0.501562 0.0672043 0.5 0.0656362 0.498437 0.0656362 0.495313 0.0640681 0.49375 0.0640681 0.492188 0.0625 0.492188 0.0609319 0.490625 0.0609319 0.4875 0.0593638 0.485938 0.0593638 0.482812 0.0577957 0.48125 0.127139
0 0.721102 0.19375 0.719534 0.195312 0.719534 0.203125 0.721102 0.204687 0.771281 0.204687 0.774418 0.201562 0.774418 0.196875 0.771281 0.19375 0.113287
