0 0.0123208 0.75 0.0107527 0.751562 0.0107527 0.771875 0.0123208 0.773437 0.0625 0.773437 0.0656362 0.770312 0.0656362 0.751562 0.0640681 0.75 0.880852
0 0.783826 0.89375 0.782258 0.895312 0.782258 0.909375 0.783826 0.910937 0.785394 0.910937 0.791667 0.917188 0.796371 0.917188 0.802643 0.923437 0.804211 0.923437 0.808916 0.928125 0.810484 0.928125 0.812052 0.929688 0.815188 0.929688 0.821461 0.935938 0.826165 0.935938 0.827733 0.9375 0.829301 0.9375 0.834005 0.942187 0.835573 0.942187 0.837142 0.940625 0.840278 0.940625 0.841846 0.939062 0.841846 0.9375 0.843414 0.935938 0.843414 0.93125 0.844982 0.929688 0.844982 0.925 0.843414 0.923437 0.843414 0.920313 0.841846 0.91875 0.83871 0.91875 0.837142 0.917188 0.835573 0.917188 0.832437 0.914062 0.830869 0.914062 0.829301 0.9125 0.826165 0.9125 0.824597 0.910937 0.823029 0.910937 0.818324 0.90625 0.815188 0.90625 0.812052 0.903125 0.812052 0.901562 0.810484 0.9 0.807348 0.9 0.80578 0.898437 0.804211 0.898437 0.801075 0.895312 0.799507 0.895312 0.797939 0.89375 0.879854
0 0.200493 0.775 0.198925 0.776562 0.198925 0.790625 0.200493 0.792187 0.200493 0.79375 0.238127 0.79375 0.239695 0.792187 0.241263 0.79375 0.245968 0.79375 0.247536 0.792187 0.25224 0.792187 0.253808 0.790625 0.253808 0.776562 0.25224 0.775 0.861142
0 0.545475 0.16875 0.543907 0.170312 0.543907 0.171875 0.539203 0.176562 0.537634 0.176562 0.536066 0.178125 0.528226 0.178125 0.521953 0.184375 0.521953 0.185937 0.518817 0.189062 0.518817 0.221875 0.520385 0.223437 0.534498 0.223437 0.536066 0.221875 0.536066 0.220312 0.537634 0.21875 0.537634 0.217187 0.540771 0.214062 0.540771 0.210937 0.542339 0.209375 0.542339 0.203125 0.547043 0.198437 0.553315 0.198437 0.554884 0.196875 0.554884 0.170312 0.553315 0.16875 0.856698
0 0.0750448 0.5 0.0734767 0.501562 0.0734767 0.515625 0.0750448 0.517187 0.101703 0.517187 0.103271 0.515625 0.103271 0.501562 0.101703 0.5 0.829925
0 0.112679 0.11875 0.111111 0.120312 0.111111 0.134375 0.112679 0.135937 0.126792 0.135937 0.129928 0.132812 0.129928 0.121875 0.126792 0.11875 0.815506
0 0.445116 0.49375 0.443548 0.495313 0.443548 0.521875 0.446685 0.525 0.454525 0.525 0.456093 0.526563 0.457661 0.526563 0.459229 0.528125 0.47491 0.528125 0.476478 0.526563 0.478047 0.526563 0.478047 0.525 0.479615 0.523438 0.479615 0.520312 0.481183 0.51875 0.481183 0.515625 0.482751 0.514063 0.482751 0.509375 0.484319 0.507812 0.484319 0.504687 0.485887 0.503125 0.485887 0.496875 0.482751 0.49375 0.805336
0 0.293011 0.70625 0.291443 0.707812 0.289875 0.707812 0.289875 0.709375 0.288306 0.710937 0.288306 0.717187 0.286738 0.71875 0.286738 0.771875 0.288306 0.773437 0.291443 0.773437 0.293011 0.771875 0.294579 0.771875 0.299283 0.767187 0.299283 0.765625 0.302419 0.7625 0.303987 0.7625 0.305556 0.760937 0.307124 0.760937 0.31026 0.757812 0.31026 0.709375 0.307124 0.70625 0.769829
0 0.0562276 0.11875 0.0546595 0.120312 0.0546595 0.134375 0.0562276 0.135937 0.0797491 0.135937 0.0813172 0.134375 0.0828853 0.134375 0.0828853 0.126563 0.0813172 0.125 0.0813172 0.123438 0.0766129 0.11875 0.651996
0 0.0436828 0.501562 0.0421147 0.503125 0.0421147 0.509375 0.0436828 0.510938 0.0452509 0.510938 0.046819 0.509375 0.046819 0.503125 0.0452509 0.501562 0.606476
0 0.97827 0.05 0.976702 0.0515625 0.976702 0.059375 0.97827 0.0609375 1 0.0609375 1 0.05 0.588333
0 0.476478 0.78125 0.47491 0.782812 0.473342 0.782812 0.470206 0.785937 0.468638 0.785937 0.46707 0.7875 0.465502 0.7875 0.463934 0.789062 0.456093 0.789062 0.454525 0.790625 0.451389 0.790625 0.448253 0.79375 0.445116 0.79375 0.437276 0.801562 0.437276 0.807812 0.440412 0.810937 0.448253 0.810937 0.449821 0.8125 0.452957 0.8125 0.456093 0.815625 0.457661 0.815625 0.459229 0.817187 0.473342 0.817187 0.47491 0.81875 0.482751 0.81875 0.484319 0.820312 0.490591 0.820312 0.492159 0.821875 0.493728 0.821875 0.501568 0.829687 0.503136 0.829687 0.504704 0.83125 0.506272 0.83125 0.510977 0.835937 0.512545 0.835937 0.514113 0.8375 0.523521 0.8375 0.52509 0.835937 0.528226 0.835937 0.529794 0.834375 0.529794 0.83125 0.531362 0.829687 0.531362 0.817187 0.529794 0.815625 0.529794 0.8125 0.528226 0.810937 0.526658 0.810937 0.521953 0.80625 0.518817 0.80625 0.517249 0.804687 0.515681 0.804687 0.512545 0.801562 0.510977 0.801562 0.504704 0.795312 0.504704 0.782812 0.503136 0.78125 0.489737
0 0.332213 0.55 0.330645 0.551562 0.330645 0.564062 0.333781 0.567187 0.354167 0.567187 0.355735 0.565625 0.358871 0.565625 0.362007 0.5625 0.363575 0.5625 0.365143 0.560938 0.379256 0.560938 0.382392 0.557813 0.382392 0.554688 0.383961 0.553125 0.382392 0.551562 0.380824 0.551562 0.379256 0.55 0.360003
0 0.0123208 0.50625 0.0107527 0.507812 0.0107527 0.521875 0.0123208 0.523438 0.0170251 0.523438 0.0185932 0.521875 0.0201613 0.521875 0.0217294 0.520312 0.0217294 0.51875 0.0264337 0.514063 0.0248656 0.5125 0.0248656 0.507812 0.0232975 0.507812 0.0217294 0.50625 0.193322
0 0.884185 0.975 0.882616 0.976562 0.882616 0.978125 0.884185 0.979688 0.885753 0.979688 0.887321 0.978125 0.887321 0.976562 0.885753 0.975 0.176461
0 0.332213 0.54375 0.330645 0.545313 0.330645 0.560938 0.332213 0.5625 0.332213 0.565625 0.333781 0.565625 0.333781 0.5625 0.335349 0.560938 0.335349 0.545313 0.333781 0.54375 0.166541
0 0.332213 0.54375 0.330645 0.545313 0.330645 0.564062 0.333781 0.567187 0.354167 0.567187 0.355735 0.565625 0.358871 0.565625 0.362007 0.5625 0.365143 0.5625 0.366711 0.560938 0.379256 0.560938 0.382392 0.557813 0.382392 0.55625 0.383961 0.554688 0.383961 0.545313 0.380824 0.545313 0.379256 0.54375 0.344758 0.54375 0.34319 0.545313 0.336918 0.545313 0.335349 0.54375 0.106249
